{
 "cells": [
  {
   "cell_type": "code",
   "execution_count": 1,
   "metadata": {},
   "outputs": [],
   "source": [
    "import os\n",
    "\n",
    "os.chdir(\"../..\")"
   ]
  },
  {
   "cell_type": "code",
   "execution_count": 2,
   "metadata": {},
   "outputs": [],
   "source": [
    "from mars.db import collections\n",
    "from mars.db.db_fields import LANGUAGE, CONTENT\n",
    "from typing import List\n",
    "from tqdm import tqdm\n",
    "import tomotopy as tp"
   ]
  },
  {
   "cell_type": "code",
   "execution_count": 3,
   "metadata": {},
   "outputs": [
    {
     "name": "stderr",
     "output_type": "stream",
     "text": [
      "2021-10-04 13:09:45.687721: W tensorflow/stream_executor/platform/default/dso_loader.cc:64] Could not load dynamic library 'libcudart.so.11.0'; dlerror: libcudart.so.11.0: cannot open shared object file: No such file or directory\n",
      "2021-10-04 13:09:45.687770: I tensorflow/stream_executor/cuda/cudart_stub.cc:29] Ignore above cudart dlerror if you do not have a GPU set up on your machine.\n"
     ]
    }
   ],
   "source": [
    "import spacy\n",
    "\n",
    "nlp = spacy.load(\"en_core_web_sm\")\n",
    "\n",
    "nlp.disable_pipe(\"parser\")\n",
    "nlp.disable_pipe(\"ner\")\n",
    "\n",
    "\n",
    "def preprocess_text(text:str, user_data=None)->List[str]:\n",
    "    doc = nlp(text)\n",
    "    return [t.lemma_.lower() for t in doc if not t.is_stop if t.is_alpha]"
   ]
  },
  {
   "cell_type": "code",
   "execution_count": 4,
   "metadata": {},
   "outputs": [
    {
     "name": "stderr",
     "output_type": "stream",
     "text": [
      "100%|████████████████████████████████████████████████████| 68597/68597 [00:37<00:00, 1819.34it/s]\n"
     ]
    }
   ],
   "source": [
    "query = collections.segmented_texts.fetchByExample({LANGUAGE:\"en\"}, batchSize=1000)\n",
    "\n",
    "texts = [doc[CONTENT] for doc in tqdm(query, total=query.count)]"
   ]
  },
  {
   "cell_type": "code",
   "execution_count": 5,
   "metadata": {},
   "outputs": [
    {
     "name": "stderr",
     "output_type": "stream",
     "text": [
      "100%|█████████████████████████████████████████████████████| 68597/68597 [03:49<00:00, 298.85it/s]\n"
     ]
    }
   ],
   "source": [
    "processed_texts = [preprocess_text(text) for text in tqdm(texts)]"
   ]
  },
  {
   "cell_type": "code",
   "execution_count": 9,
   "metadata": {},
   "outputs": [
    {
     "name": "stderr",
     "output_type": "stream",
     "text": [
      "100%|██████████████████████████████████████████████████| 68597/68597 [00:00<00:00, 169449.04it/s]\n"
     ]
    }
   ],
   "source": [
    "corpus = tp.utils.Corpus()\n",
    "for t in tqdm(processed_texts):\n",
    "    corpus.add_doc(words=t)"
   ]
  },
  {
   "cell_type": "code",
   "execution_count": 10,
   "metadata": {},
   "outputs": [
    {
     "name": "stdout",
     "output_type": "stream",
     "text": [
      "Starting model training...\n",
      "Model trained\n",
      "<Basic Info>\n",
      "| CTModel (current version: 0.12.2)\n",
      "| 67867 docs, 1051632 words\n",
      "| Total Vocabs: 21918, Used Vocabs: 21918\n",
      "| Entropy of words: 7.70043\n",
      "| Entropy of term-weighted words: 7.70043\n",
      "| Removed Vocabs: <NA>\n",
      "|\n",
      "<Training Info>\n",
      "| Iterations: 10, Burn-in steps: 0\n",
      "| Optimization Interval: 2\n",
      "| Log-likelihood per word: -9.21841\n",
      "|\n",
      "<Initial Parameters>\n",
      "| tw: TermWeight.ONE\n",
      "| min_cf: 0 (minimum collection frequency of words)\n",
      "| min_df: 0 (minimum document frequency of words)\n",
      "| rm_top: 0 (the number of top words to be removed)\n",
      "| k: 15 (the number of topics between 1 ~ 32767)\n",
      "| smoothing_alpha: [0.1] (small smoothing value for preventing topic counts to be zero, given as a single `float` in case of symmetric and as a list with length `k` of `float` in case of asymmetric.)\n",
      "| eta: 0.01 (hyperparameter of Dirichlet distribution for topic-word)\n",
      "| seed: 371865896 (random seed)\n",
      "| trained in version 0.12.2\n",
      "|\n",
      "<Parameters>\n",
      "| prior_mean (Prior mean of Logit-normal for the per-document topic distributions)\n",
      "|  [-0.7509852  -1.080526   -1.2823819  -1.4629114  -1.4336169  -1.2843144\n",
      "|   -1.199632   -1.0616693  -0.82329446 -0.67210746 -0.5263031  -0.38678694\n",
      "|   -0.31144854 -0.2605532  -0.25158283]\n",
      "| prior_cov (Prior covariance of Logit-normal for the per-document topic distributions)\n",
      "|  [[2.7650752  0.73278046 0.56615543 0.4697364  0.39540142 0.34180585\n",
      "|    0.31349432 0.2323746  0.19516805 0.16053374 0.13452198 0.09718125\n",
      "|    0.09150748 0.06241995 0.06395292]\n",
      "|   [0.73278046 3.6158242  0.94673103 0.7160867  0.55013573 0.44752032\n",
      "|    0.40888557 0.33774522 0.26997688 0.20419562 0.16701634 0.1197181\n",
      "|    0.09845006 0.07263312 0.07240549]\n",
      "|   [0.56615543 0.94673103 4.008849   0.9886701  0.72416806 0.5287526\n",
      "|    0.48929012 0.38639578 0.32147622 0.25003436 0.18474215 0.13955118\n",
      "|    0.10816818 0.07998043 0.0844449 ]\n",
      "|   [0.4697364  0.7160867  0.9886701  4.278086   1.0052814  0.6937941\n",
      "|    0.5825045  0.46246743 0.34619176 0.26905355 0.19776927 0.1494572\n",
      "|    0.10713121 0.08124566 0.07417727]\n",
      "|   [0.39540142 0.55013573 0.72416806 1.0052814  3.8790684  0.8225747\n",
      "|    0.62707067 0.46794793 0.3423495  0.26850358 0.20498201 0.14079052\n",
      "|    0.10429381 0.07826903 0.07020824]\n",
      "|   [0.34180585 0.44752032 0.5287526  0.6937941  0.8225747  3.1555862\n",
      "|    0.6370729  0.44608596 0.31480828 0.23728156 0.17236377 0.10418318\n",
      "|    0.08772529 0.06455185 0.06086658]\n",
      "|   [0.31349432 0.40888557 0.48929012 0.5825045  0.62707067 0.6370729\n",
      "|    2.8420818  0.5004815  0.3312171  0.23896052 0.16977853 0.10616221\n",
      "|    0.08464351 0.05196726 0.0565112 ]\n",
      "|   [0.2323746  0.33774522 0.38639578 0.46246743 0.46794793 0.44608596\n",
      "|    0.5004815  2.3412802  0.33044535 0.2334406  0.14748242 0.09461674\n",
      "|    0.07239093 0.04430469 0.04361669]\n",
      "|   [0.19516805 0.26997688 0.32147622 0.34619176 0.3423495  0.31480828\n",
      "|    0.3312171  0.33044535 1.6825179  0.19239584 0.10839145 0.06705366\n",
      "|    0.0518592  0.03293294 0.02788925]\n",
      "|   [0.16053374 0.20419562 0.25003436 0.26905355 0.26850358 0.23728156\n",
      "|    0.23896052 0.2334406  0.19239584 1.2016438  0.09809558 0.05343121\n",
      "|    0.03692204 0.02243434 0.01964637]\n",
      "|   [0.13452198 0.16701634 0.18474215 0.19776927 0.20498201 0.17236377\n",
      "|    0.16977853 0.14748242 0.10839145 0.09809558 0.89961195 0.04491462\n",
      "|    0.0316804  0.02102227 0.0153357 ]\n",
      "|   [0.09718125 0.1197181  0.13955118 0.1494572  0.14079052 0.10418318\n",
      "|    0.10616221 0.09461674 0.06705366 0.05343121 0.04491462 0.6284856\n",
      "|    0.01845096 0.01019956 0.01220271]\n",
      "|   [0.09150748 0.09845006 0.10816818 0.10713121 0.10429381 0.08772529\n",
      "|    0.08464351 0.07239093 0.0518592  0.03692204 0.0316804  0.01845096\n",
      "|    0.5249141  0.01267181 0.0077591 ]\n",
      "|   [0.06241995 0.07263312 0.07998043 0.08124566 0.07826903 0.06455185\n",
      "|    0.05196726 0.04430469 0.03293294 0.02243434 0.02102227 0.01019956\n",
      "|    0.01267181 0.4567639  0.00683712]\n",
      "|   [0.06395292 0.07240549 0.0844449  0.07417727 0.07020824 0.06086658\n",
      "|    0.0565112  0.04361669 0.02788925 0.01964637 0.0153357  0.01220271\n",
      "|    0.0077591  0.00683712 0.42059118]]\n",
      "| eta (Dirichlet prior on the per-topic word distribution)\n",
      "|  0.01\n",
      "|\n",
      "<Topics>\n",
      "| #0 (76103) : shall states regulation member article\n",
      "| #1 (71174) : shall include european states article\n",
      "| #2 (66578) : shall eu follow member state\n",
      "| #3 (62779) : datum investment area health shall\n",
      "| #4 (60633) : shall aid eu datum member\n",
      "| #5 (62679) : eu datum decision financial include\n",
      "| #6 (61373) : european service programme member article\n",
      "| #7 (63332) : member shall include provision state\n",
      "| #8 (66179) : shall member commission country article\n",
      "| #9 (68915) : shall member authority commission public\n",
      "| #10 (72728) : shall article directive authority contracting\n",
      "| #11 (75906) : shall article test animal refer\n",
      "| #12 (79246) : regulation shall ec article animal\n",
      "| #13 (82629) : article shall member ec states\n",
      "| #14 (81378) : shall european member commission measure\n",
      "|\n",
      "\n",
      "None\n"
     ]
    }
   ],
   "source": [
    "print(\"Starting model training...\")\n",
    "model = tp.CTModel(k=15, corpus=corpus)\n",
    "model.train(10)\n",
    "print(\"Model trained\")\n",
    "print(model.summary())"
   ]
  },
  {
   "cell_type": "code",
   "execution_count": 11,
   "metadata": {},
   "outputs": [
    {
     "name": "stdout",
     "output_type": "stream",
     "text": [
      "== Topic #0 ==\n",
      "Labels: kenyan, immutable, transactional, cryptocurrencie, virtual currency\n",
      "shall\t0.011202641762793064\n",
      "states\t0.008804910816252232\n",
      "regulation\t0.006865763105452061\n",
      "member\t0.006695432588458061\n",
      "article\t0.006459590047597885\n",
      "directive\t0.006171338725835085\n",
      "commission\t0.005856882315129042\n",
      "person\t0.005673449020832777\n",
      "ensure\t0.005450709257274866\n",
      "eu\t0.005306583363562822\n",
      "\n",
      "== Topic #1 ==\n",
      "Labels: kenyan, immutable, transactional, cryptocurrency, cryptocurrencie\n",
      "shall\t0.01128973439335823\n",
      "include\t0.006849533878266811\n",
      "european\t0.006415318697690964\n",
      "states\t0.006037131417542696\n",
      "article\t0.00589706189930439\n",
      "public\t0.005630929954349995\n",
      "system\t0.00529476348310709\n",
      "information\t0.005210721865296364\n",
      "fund\t0.005098666530102491\n",
      "provide\t0.005028631538152695\n",
      "\n",
      "== Topic #2 ==\n",
      "Labels: transactional, cryptocurrencie, disruptive technology, immutable, cryptocurrency\n",
      "shall\t0.009416715241968632\n",
      "eu\t0.007994499057531357\n",
      "follow\t0.007455554325133562\n",
      "member\t0.007380701135843992\n",
      "state\t0.0071411700919270515\n",
      "article\t0.00663216644898057\n",
      "commission\t0.005793807562440634\n",
      "european\t0.005509364418685436\n",
      "accordance\t0.005224921274930239\n",
      "use\t0.0050003607757389545\n",
      "\n",
      "== Topic #3 ==\n",
      "Labels: immutable, transactional, cryptocurrencie, cryptocurrency, kenyan\n",
      "datum\t0.012222734279930592\n",
      "investment\t0.009524243883788586\n",
      "area\t0.0080003896728158\n",
      "health\t0.00728608388453722\n",
      "shall\t0.005746356677263975\n",
      "council\t0.005397140048444271\n",
      "animal\t0.00531777273863554\n",
      "service\t0.005111417733132839\n",
      "test\t0.005095544271171093\n",
      "include\t0.004873315338045359\n",
      "\n",
      "== Topic #4 ==\n",
      "Labels: immutable, transactional, kenyan, disruptive technology, cryptocurrency\n",
      "shall\t0.010994018986821175\n",
      "aid\t0.007855265401303768\n",
      "eu\t0.007543032988905907\n",
      "datum\t0.006524170748889446\n",
      "member\t0.006195505615323782\n",
      "european\t0.005949006415903568\n",
      "community\t0.005603908095508814\n",
      "public\t0.00539027526974678\n",
      "enterprise\t0.005127343349158764\n",
      "commission\t0.004782244563102722\n",
      "\n",
      "== Topic #5 ==\n",
      "Labels: immutable, kenyan, transactional, doctor, disruptive technology\n",
      "eu\t0.01135183870792389\n",
      "datum\t0.006391440983861685\n",
      "decision\t0.00615296047180891\n",
      "financial\t0.005850885063409805\n",
      "include\t0.0058031887747347355\n",
      "programme\t0.005548809189349413\n",
      "european\t0.005421619862318039\n",
      "year\t0.005358024965971708\n",
      "support\t0.005246733780950308\n",
      "article\t0.005087746772915125\n",
      "\n",
      "== Topic #6 ==\n",
      "Labels: transactional, immutable, kenyan, cryptocurrencie, cryptocurrency\n",
      "european\t0.008118076249957085\n",
      "service\t0.007306284736841917\n",
      "programme\t0.007257577497512102\n",
      "member\t0.007160162553191185\n",
      "article\t0.006673087365925312\n",
      "provide\t0.006494493689388037\n",
      "financial\t0.006056126207113266\n",
      "new\t0.005374221596866846\n",
      "commission\t0.004952089861035347\n",
      "states\t0.004838439170271158\n",
      "\n",
      "== Topic #7 ==\n",
      "Labels: kenyan, immutable, transactional, cryptocurrency, cryptocurrencie\n",
      "member\t0.010621517896652222\n",
      "shall\t0.006199885159730911\n",
      "include\t0.006184149533510208\n",
      "provision\t0.006089737638831139\n",
      "state\t0.005806501489132643\n",
      "article\t0.005664883181452751\n",
      "regulatory\t0.004830909892916679\n",
      "asset\t0.004815174266695976\n",
      "insurance\t0.004579144064337015\n",
      "law\t0.004579144064337015\n",
      "\n",
      "== Topic #8 ==\n",
      "Labels: transactional, immutable, cryptocurrency, kenyan, cryptocurrencie\n",
      "shall\t0.011476368643343449\n",
      "member\t0.008810632862150669\n",
      "commission\t0.00667202053591609\n",
      "country\t0.0060545336455106735\n",
      "article\t0.005934048444032669\n",
      "measure\t0.005738259758800268\n",
      "regulation\t0.005482228938490152\n",
      "act\t0.005406925454735756\n",
      "time\t0.005331622436642647\n",
      "service\t0.005090651568025351\n",
      "\n",
      "== Topic #9 ==\n",
      "Labels: immutable, transactional, kenyan, doctor, cryptocurrency\n",
      "shall\t0.010443604551255703\n",
      "member\t0.009156252257525921\n",
      "authority\t0.0071745989844202995\n",
      "commission\t0.006060822866857052\n",
      "public\t0.005438843742012978\n",
      "case\t0.004874723497778177\n",
      "sector\t0.004599895793944597\n",
      "datum\t0.004542036913335323\n",
      "information\t0.00452757254242897\n",
      "market\t0.00444078492000699\n",
      "\n",
      "== Topic #10 ==\n",
      "Labels: kenyan, immutable, cryptocurrencie, cryptocurrency, transactional\n",
      "shall\t0.014928746968507767\n",
      "article\t0.008801025338470936\n",
      "directive\t0.007608382031321526\n",
      "authority\t0.007293085567653179\n",
      "contracting\t0.007032623048871756\n",
      "commission\t0.005401305388659239\n",
      "ec\t0.0052505116909742355\n",
      "national\t0.005236803088337183\n",
      "animal\t0.004948923364281654\n",
      "council\t0.004798129200935364\n",
      "\n",
      "== Topic #11 ==\n",
      "Labels: transactional, immutable, cryptocurrency, kenyan, cryptocurrencie\n",
      "shall\t0.017116675153374672\n",
      "article\t0.016000093892216682\n",
      "test\t0.00708057451993227\n",
      "animal\t0.0069229393266141415\n",
      "refer\t0.006266126409173012\n",
      "aid\t0.006226717960089445\n",
      "information\t0.006213581655174494\n",
      "provision\t0.005451678764075041\n",
      "provide\t0.005241498351097107\n",
      "eu\t0.004558412823826075\n",
      "\n",
      "== Topic #12 ==\n",
      "Labels: transactional, immutable, kenyan, virtual currency, cryptocurrency\n",
      "regulation\t0.013163124211132526\n",
      "shall\t0.01028135884553194\n",
      "ec\t0.009626983664929867\n",
      "article\t0.008028799667954445\n",
      "animal\t0.007147910539060831\n",
      "product\t0.006707466207444668\n",
      "member\t0.005927250254899263\n",
      "commission\t0.005713320337235928\n",
      "year\t0.0056252311915159225\n",
      "state\t0.00508411368355155\n",
      "\n",
      "== Topic #13 ==\n",
      "Labels: kenyan, addition, cryptocurrencie, allow, cryptocurrency\n",
      "article\t0.01573975384235382\n",
      "shall\t0.01425511110574007\n",
      "member\t0.013748159632086754\n",
      "ec\t0.009330440312623978\n",
      "states\t0.008509662002325058\n",
      "country\t0.007495759055018425\n",
      "directive\t0.006723261903971434\n",
      "regulation\t0.0066025592386722565\n",
      "decision\t0.006518067326396704\n",
      "eu\t0.006288731936365366\n",
      "\n",
      "== Topic #14 ==\n",
      "Labels: kenyan, immutable, transactional, cryptocurrencie, cryptocurrency\n",
      "shall\t0.013603533618152142\n",
      "european\t0.011765235103666782\n",
      "member\t0.01014753244817257\n",
      "commission\t0.006667019799351692\n",
      "measure\t0.006667019799351692\n",
      "state\t0.006348381284624338\n",
      "decision\t0.006262593902647495\n",
      "provide\t0.00625033862888813\n",
      "states\t0.00573561480268836\n",
      "requirement\t0.005539529956877232\n",
      "\n"
     ]
    }
   ],
   "source": [
    "extractor = tp.label.PMIExtractor(min_cf=10, min_df=5, max_len=5, max_cand=10000, normalized=True)\n",
    "cands = extractor.extract(model)\n",
    "\n",
    "labeler = tp.label.FoRelevance(model, cands, min_df=5, smoothing=1e-2, mu=0.25)\n",
    "for k in range(model.k):\n",
    "    print(\"== Topic #{} ==\".format(k))\n",
    "    print(\"Labels:\", ', '.join(label for label, score in labeler.get_topic_labels(k, top_n=5)))\n",
    "    for word, prob in model.get_topic_words(k, top_n=10):\n",
    "        print(word, prob, sep='\\t')\n",
    "    print()\n"
   ]
  },
  {
   "cell_type": "code",
   "execution_count": null,
   "metadata": {},
   "outputs": [],
   "source": []
  }
 ],
 "metadata": {
  "interpreter": {
   "hash": "3d72576ac13b89fb09600bb6b4285e0f9ef003d397285e7a1334d2309113cab6"
  },
  "kernelspec": {
   "display_name": "Python 3 (ipykernel)",
   "language": "python",
   "name": "python3"
  },
  "language_info": {
   "codemirror_mode": {
    "name": "ipython",
    "version": 3
   },
   "file_extension": ".py",
   "mimetype": "text/x-python",
   "name": "python",
   "nbconvert_exporter": "python",
   "pygments_lexer": "ipython3",
   "version": "3.8.10"
  }
 },
 "nbformat": 4,
 "nbformat_minor": 2
}
